 -- Event     2 Run:     2 length:  5134 type:  1 (Data Event)  1660163116
Packet  1001  5126 -1 (sPHENIX Packet)  81 (IDDRS4V1)
 Samples 1024  enabled channnels:   0  1  2  3
   ch |       time          ch0          ch1          ch2          ch3
    0 |          0         -9.3         -9.3         -9.2         -9.3   
    1 |   0.504557         -8.7           -8         -8.3         -9.2   
    2 |    1.00911         -7.7         -7.8         -7.3         -8.7   
    3 |    1.51367         -8.4         -8.6         -8.7         -8.6   
    4 |    2.01823         -7.5         -8.4         -8.2         -7.6   
    5 |    2.52279         -7.4         -7.7         -7.8         -8.2   
    6 |    3.02734         -8.3         -7.2         -7.4         -7.1   
    7 |     3.5319         -6.9         -6.6         -7.1         -7.3   
    8 |    4.03646         -7.1           -8         -7.7         -7.9   
    9 |    4.54102         -7.6         -8.5         -7.3         -7.6   
   10 |    5.04557         -6.3         -7.4         -7.5         -7.1   
   11 |    5.55013         -7.7         -7.5         -8.3         -8.9   
   12 |    6.05469         -7.9         -6.7         -8.7           -8   
   13 |    6.55924         -8.4         -8.1         -8.5         -8.4   
   14 |     7.0638         -8.6         -9.3         -8.2         -8.4   
   15 |    7.56836         -9.1         -9.8         -9.2         -9.8   
   16 |    8.07292         -8.2         -8.9         -8.5         -8.3   
   17 |    8.57747         -7.7         -8.8         -8.6         -8.1   
   18 |    9.08203         -7.4         -7.8         -7.5         -7.4   
   19 |    9.58659         -7.2         -6.8         -7.3         -7.6   
   20 |    10.0911         -5.9           -8         -7.2         -5.9   
   21 |    10.5957         -5.1         -6.2         -5.8         -5.5   
   22 |    11.1003         -5.9         -5.2         -6.7         -5.7   
   23 |    11.6048         -6.2         -5.9           -8           -7   
   24 |    12.1094         -5.8         -7.4         -6.3         -6.8   
   25 |    12.6139         -6.8         -7.3         -7.1         -7.3   
   26 |    13.1185           -8         -7.2         -7.9         -8.1   
   27 |     13.623         -8.1         -7.7         -9.5         -9.3   
   28 |    14.1276         -9.2         -8.2         -9.6           -9   
   29 |    14.6322         -9.4         -9.4         -9.7         -9.9   
   30 |    15.1367         -9.8         -9.9         -9.6         -9.5   
   31 |    15.6413        -10.3         -9.8        -10.2        -10.1   
   32 |    16.1458          -10         -9.7         -9.6         -9.3   
   33 |    16.6504         -9.5        -10.2           -9         -9.8   
   34 |    17.1549           -9         -8.7         -9.2         -8.6   
   35 |    17.6595         -9.2         -8.5         -8.9         -8.8   
   36 |    18.1641         -7.5         -7.4         -7.9           -8   
   37 |    18.6686           -7         -6.2         -7.6         -7.7   
   38 |    19.1732         -7.2         -7.1         -7.3         -8.5   
   39 |    19.6777         -7.2         -8.1         -7.3         -7.6   
   40 |    20.1823         -6.3         -6.7         -7.3         -6.5   
   41 |    20.6868         -7.2         -6.8         -7.4         -6.7   
   42 |    21.1914         -6.6         -7.1         -6.9         -7.5   
   43 |     21.696         -7.1         -7.1         -7.2         -7.8   
   44 |    22.2005         -7.8         -7.3         -8.1         -7.7   
   45 |    22.7051         -8.1         -8.1         -8.7         -8.1   
   46 |    23.2096         -8.4         -7.9         -8.6         -8.2   
   47 |    23.7142         -8.9         -9.5         -8.2         -8.2   
   48 |    24.2188         -7.9           -8         -8.5         -7.9   
   49 |    24.7233         -7.8         -7.9           -9           -8   
   50 |    25.2279         -8.3         -8.2         -7.4         -8.2   
   51 |    25.7324           -8         -7.8         -7.7         -8.6   
   52 |     26.237         -6.9         -7.5         -8.7         -7.2   
   53 |    26.7415         -7.8         -6.8         -6.7         -6.8   
   54 |    27.2461         -6.4         -6.3         -7.7         -5.8   
   55 |    27.7507         -7.4         -8.3         -7.1         -7.6   
   56 |    28.2552         -7.7         -8.3         -7.3         -8.1   
   57 |    28.7598         -6.7         -7.6         -7.9         -7.5   
   58 |    29.2643         -7.6         -6.7         -8.2         -7.7   
   59 |    29.7689         -8.8         -8.1         -9.2         -9.3   
   60 |    30.2734         -8.6         -8.8         -8.7           -9   
   61 |     30.778         -8.5         -8.6         -8.9         -9.2   
   62 |    31.2826         -8.8         -7.6         -8.6         -8.7   
   63 |    31.7871         -8.4         -8.5         -9.1         -8.7   
   64 |    32.2917         -9.6         -8.9         -9.3         -8.5   
   65 |    32.7962         -8.2         -8.1         -8.6         -8.4   
   66 |    33.3008           -9         -7.9         -8.6         -8.5   
   67 |    33.8053         -8.4         -8.1         -8.5         -9.1   
   68 |    34.3099         -7.9         -8.2         -7.7         -7.9   
   69 |    34.8145         -6.7         -7.5         -6.8         -6.8   
   70 |     35.319         -6.3         -7.1         -7.7         -7.8   
   71 |    35.8236         -6.9         -7.1         -7.7         -7.8   
   72 |    36.3281         -7.9         -6.5         -7.9         -7.6   
   73 |    36.8327         -6.5         -8.4           -7           -8   
   74 |    37.3372         -7.5         -7.1         -7.8         -7.5   
   75 |    37.8418         -8.1         -8.5         -7.9         -9.2   
   76 |    38.3464         -7.6         -6.9         -8.9         -7.8   
   77 |    38.8509           -9         -8.8         -8.9         -7.6   
   78 |    39.3555           -8         -9.6         -8.4         -7.7   
   79 |      39.86         -8.3         -9.3         -8.6         -8.4   
   80 |    40.3646         -9.4           -9         -9.4         -8.3   
   81 |    40.8691         -8.8         -8.4         -8.8         -7.6   
   82 |    41.3737         -8.2         -8.5           -8         -8.1   
   83 |    41.8783         -7.9         -7.9         -7.8         -7.4   
   84 |    42.3828         -6.2         -7.4         -7.7         -6.5   
   85 |    42.8874         -6.4         -6.5           -7         -6.1   
   86 |    43.3919         -5.9         -6.4         -6.9         -6.5   
   87 |    43.8965         -6.6         -6.3         -6.8         -7.1   
   88 |     44.401         -6.2         -7.6         -7.4           -7   
   89 |    44.9056         -6.9         -6.7         -6.9         -7.2   
   90 |    45.4102         -6.5         -7.3         -7.4         -6.6   
   91 |    45.9147         -7.9         -8.3         -7.9         -8.4   
   92 |    46.4193         -9.1         -9.2         -9.8         -8.7   
   93 |    46.9238         -8.5           -9         -8.9         -7.8   
   94 |    47.4284           -9           -9           -9         -9.5   
   95 |    47.9329         -9.2         -9.3         -9.2          -10   
   96 |    48.4375         -9.3         -8.9        -10.1         -8.6   
   97 |    48.9421         -9.1        -10.1         -9.4         -9.3   
   98 |    49.4466         -8.1         -8.8         -7.9         -8.9   
   99 |    49.9512           -9         -8.5         -8.3         -8.6   
  100 |    50.4557         -8.2         -7.2         -7.7         -8.1   
  101 |    50.9603         -7.8         -7.2         -8.2         -8.5   
  102 |    51.4648         -7.3         -7.3           -8         -8.5   
  103 |    51.9694         -6.5         -7.1         -6.9         -6.9   
  104 |     52.474         -6.9         -7.6         -6.9         -7.2   
  105 |    52.9785         -7.2           -7         -7.7         -7.3   
  106 |    53.4831         -6.2         -7.6         -7.5         -7.6   
  107 |    53.9876         -8.7         -7.8         -8.5           -8   
  108 |    54.4922         -7.6         -8.1         -8.5         -7.3   
  109 |    54.9967         -7.4         -7.9         -8.8         -8.9   
  110 |    55.5013         -8.1         -7.8         -7.1         -8.8   
  111 |    56.0059         -8.1         -8.4         -7.5           -8   
  112 |    56.5104         -9.4         -8.4         -8.3         -8.5   
  113 |     57.015         -7.8           -8         -8.5         -7.7   
  114 |    57.5195         -8.8         -8.1         -7.5         -7.8   
  115 |    58.0241         -7.2         -8.7         -7.6         -7.7   
  116 |    58.5286         -6.9         -7.9         -8.4         -7.7   
  117 |    59.0332         -7.3         -6.7           -8         -8.4   
  118 |    59.5378         -7.3         -7.5         -6.6           -7   
  119 |    60.0423         -6.6         -7.9         -7.5           -7   
  120 |    60.5469         -7.2         -7.9         -7.9         -7.2   
  121 |    61.0514         -7.4           -7         -8.3         -7.9   
  122 |     61.556         -7.8         -8.7         -7.5         -8.1   
  123 |    62.0605         -9.2         -9.2         -8.9         -9.6   
  124 |    62.5651         -8.6         -9.1         -9.4         -8.1   
  125 |    63.0697         -7.8         -8.8         -8.6         -8.5   
  126 |    63.5742         -7.8         -8.1         -8.1         -8.5   
  127 |    64.0788         -8.3         -8.2         -7.7           -9   
  128 |    64.5833         -8.6         -8.6         -8.9         -8.3   
  129 |    65.0879         -7.8         -8.6         -8.7         -8.2   
  130 |    65.5924         -7.3         -7.4         -8.6         -7.5   
  131 |     66.097         -8.3         -8.4         -8.5         -8.5   
  132 |    66.6016         -7.7         -7.2         -7.4         -7.9   
  133 |    67.1061           -8         -7.6         -7.5         -6.6   
  134 |    67.6107         -6.9         -7.4         -7.4         -6.6   
  135 |    68.1152         -7.3         -8.2         -8.1         -7.6   
  136 |    68.6198         -7.3         -7.1         -7.7         -7.6   
  137 |    69.1244         -7.8         -7.2         -7.6         -7.3   
  138 |    69.6289         -7.3         -8.1         -7.4         -8.4   
  139 |    70.1335         -8.1           -8         -7.7         -8.9   
  140 |     70.638         -8.4         -8.3         -8.8         -8.7   
  141 |    71.1426         -8.8         -8.3         -8.4         -8.5   
  142 |    71.6471           -9           -9         -8.5         -9.8   
  143 |    72.1517         -9.6         -9.3        -10.3         -9.2   
  144 |    72.6562         -8.4           -9         -8.6         -7.8   
  145 |    73.1608         -8.2         -8.2           -8         -7.8   
  146 |    73.6654         -7.7         -8.5         -7.9         -7.6   
  147 |    74.1699         -7.2           -7         -6.7         -6.8   
  148 |    74.6745         -6.1         -6.9         -6.4         -5.9   
  149 |     75.179         -6.3         -5.6         -5.4         -6.4   
  150 |    75.6836         -4.9         -5.8         -6.2         -5.7   
  151 |    76.1881         -6.3         -5.8         -5.9         -6.6   
  152 |    76.6927         -6.3         -6.6         -7.4         -6.4   
  153 |    77.1973         -6.4         -7.5         -7.3         -7.3   
  154 |    77.7018         -7.7         -8.2         -7.9         -8.2   
  155 |    78.2064         -8.7           -8         -7.8         -8.2   
  156 |    78.7109         -8.4          -10         -9.3         -9.7   
  157 |    79.2155         -9.4         -9.8         -9.5         -9.1   
  158 |    79.7201        -10.2         -9.6         -8.9         -9.3   
  159 |    80.2246        -10.1        -10.1        -10.7        -10.3   
  160 |    80.7292         -9.4         -9.8        -10.4         -9.6   
  161 |    81.2337         -9.1         -9.2         -9.6         -9.4   
  162 |    81.7383         -8.3           -9         -8.6         -8.9   
  163 |    82.2428         -8.1         -8.7         -8.8         -7.5   
  164 |    82.7474         -7.9         -7.4         -8.9         -8.1   
  165 |     83.252         -7.6           -8         -7.3         -7.1   
  166 |    83.7565         -7.2         -7.3         -6.4         -7.5   
  167 |    84.2611         -6.8         -7.1         -6.8         -8.1   
  168 |    84.7656         -6.8         -6.3         -7.2         -7.3   
  169 |    85.2702         -7.3           -8         -7.8         -7.5   
  170 |    85.7747           -7         -7.6         -7.5         -7.2   
  171 |    86.2793         -7.8         -8.1         -7.1           -8   
  172 |    86.7839         -7.6         -8.2           -7         -7.7   
  173 |    87.2884         -7.4         -7.4         -8.3         -7.5   
  174 |     87.793         -8.3         -8.1         -8.5         -8.2   
  175 |    88.2975         -8.2         -8.6         -8.2         -8.6   
  176 |    88.8021           -8         -8.5         -8.5         -8.2   
  177 |    89.3066         -8.5         -7.5         -7.8         -7.3   
  178 |    89.8112         -7.7           -8         -8.5         -7.5   
  179 |    90.3158         -6.9         -8.8         -8.3         -8.1   
  180 |    90.8203         -7.8         -7.9         -7.2         -7.4   
  181 |    91.3249         -7.5         -6.8         -6.4         -6.7   
  182 |    91.8294         -6.9         -8.1         -7.3         -6.7   
  183 |     92.334         -7.7         -7.3           -7         -6.6   
  184 |    92.8385         -7.1           -8         -7.1         -7.9   
  185 |    93.3431         -7.5         -7.3         -8.2         -8.4   
  186 |    93.8477           -7         -7.5         -8.2         -7.7   
  187 |    94.3522         -7.2         -7.2           -8         -7.8   
  188 |    94.8568         -8.5         -8.3         -8.6         -8.4   
  189 |    95.3613         -8.4         -8.1         -8.6         -7.8   
  190 |    95.8659         -9.4         -8.5         -8.4         -7.8   
  191 |    96.3704           -9         -9.4         -9.1         -8.9   
  192 |     96.875           -9         -8.6         -9.3           -9   
  193 |    97.3796           -9           -8         -8.3           -8   
  194 |    97.8841         -8.6         -8.6         -8.4         -7.7   
  195 |    98.3887         -9.1         -9.1         -8.3         -7.2   
  196 |    98.8932         -8.5         -7.8         -8.5         -7.8   
  197 |    99.3978         -7.3         -7.5         -7.4         -8.3   
  198 |    99.9023         -7.7         -7.6         -6.7         -7.2   
  199 |    100.407         -7.9         -7.9         -7.6         -8.2   
  200 |    100.911         -7.7         -7.3         -7.1           -7   
  201 |    101.416         -7.1         -6.7         -6.5         -7.5   
  202 |    101.921         -7.3         -7.8           -7         -8.4   
  203 |    102.425         -7.5         -7.8         -7.5         -6.4   
  204 |     102.93         -7.9         -8.3         -8.4         -8.3   
  205 |    103.434         -8.1         -8.1         -8.9           -8   
  206 |    103.939         -9.1         -8.3         -8.5         -8.4   
  207 |    104.443           -9         -8.6         -8.3         -9.3   
  208 |    104.948         -8.8         -8.2           -9         -9.6   
  209 |    105.452         -8.1         -8.8         -8.3         -8.1   
  210 |    105.957         -7.6         -8.4         -7.6         -7.7   
  211 |    106.462         -7.5         -7.8         -7.6         -7.1   
  212 |    106.966         -7.4         -7.2         -7.7         -6.8   
  213 |    107.471         -7.6         -6.4         -6.2         -6.2   
  214 |    107.975         -5.7           -5         -6.6         -6.3   
  215 |     108.48         -5.7         -6.6         -6.7         -6.9   
  216 |    108.984         -7.5           -7           -7         -7.6   
  217 |    109.489         -6.7         -7.6         -7.3         -7.6   
  218 |    109.993         -7.3         -8.1         -7.4         -7.9   
  219 |    110.498         -8.1         -8.6           -8         -8.3   
  220 |    111.003           -9         -8.9           -9         -8.8   
  221 |    111.507         -9.4         -9.8           -9           -9   
  222 |    112.012         -8.3         -8.9           -9         -8.6   
  223 |    112.516         -8.6         -9.8         -9.5         -8.8   
  224 |    113.021          -10         -9.6         -9.6         -8.7   
  225 |    113.525         -8.7         -9.3         -9.5         -8.8   
  226 |     114.03         -8.7         -8.9         -8.6         -9.1   
  227 |    114.535         -9.4         -8.4         -8.4         -8.8   
  228 |    115.039         -8.7         -8.2         -7.9         -7.4   
  229 |    115.544         -7.5           -7         -7.9         -6.9   
  230 |    116.048         -7.6         -8.4         -7.9         -7.3   
  231 |    116.553           -7         -7.3         -7.2         -7.4   
  232 |    117.057         -7.3         -7.3         -6.4         -7.5   
  233 |    117.562         -6.9         -7.5         -7.7         -7.8   
  234 |    118.066         -6.9         -7.5         -7.9         -8.4   
  235 |    118.571         -7.3         -7.6         -8.5         -8.7   
  236 |    119.076         -7.4         -8.6           -8         -8.4   
  237 |     119.58         -8.4           -9         -8.1           -8   
  238 |    120.085         -7.8           -8         -8.2         -8.4   
  239 |    120.589           -9         -8.6         -8.9         -8.8   
  240 |    121.094         -8.2         -8.3         -7.5           -8   
  241 |    121.598         -8.2         -8.1           -8         -7.4   
  242 |    122.103         -7.9         -7.6         -7.2           -7   
  243 |    122.607         -7.9         -8.2         -7.2         -7.2   
  244 |    123.112         -7.6         -7.4         -7.3         -7.9   
  245 |    123.617         -6.5         -7.7         -8.1         -7.5   
  246 |    124.121         -6.4         -7.3         -7.2         -7.7   
  247 |    124.626         -6.6         -7.5         -7.6         -6.9   
  248 |     125.13         -7.1         -7.4         -7.4         -7.6   
  249 |    125.635         -7.9         -7.8         -7.8         -7.7   
  250 |    126.139         -7.9         -8.5         -8.6         -8.6   
  251 |    126.644         -8.2         -7.9         -8.7         -8.5   
  252 |    127.148         -8.4         -8.8         -8.6         -8.6   
  253 |    127.653         -8.4         -8.9           -8           -9   
  254 |    128.158         -9.5         -9.6         -8.4         -8.7   
  255 |    128.662         -8.9         -9.6        -10.1         -8.6   
  256 |    129.167         -9.2         -7.8         -9.4         -8.9   
  257 |    129.671         -8.9         -8.8         -8.7           -8   
  258 |    130.176         -7.6         -9.2         -8.5         -8.1   
  259 |     130.68         -8.2         -9.2         -8.8         -8.1   
  260 |    131.185           -8         -7.6         -8.4         -8.2   
  261 |    131.689         -8.4           -8         -7.3           -8   
  262 |    132.194         -5.8         -6.9         -6.7         -6.6   
  263 |    132.699         -7.3         -6.7         -7.7         -6.6   
  264 |    133.203         -7.6         -7.5         -7.4         -7.6   
  265 |    133.708         -8.1         -7.9         -8.1         -7.8   
  266 |    134.212         -7.7         -7.8         -7.9         -8.2   
  267 |    134.717         -8.1         -7.4         -7.5         -7.6   
  268 |    135.221         -7.7         -8.3         -9.1         -8.9   
  269 |    135.726         -8.8         -7.7         -8.6         -8.1   
  270 |     136.23         -8.5         -8.6         -8.4         -9.3   
  271 |    136.735         -8.9         -9.3         -8.6         -8.7   
  272 |     137.24         -8.7         -8.5         -8.9         -8.5   
  273 |    137.744         -8.3         -8.3         -8.9         -7.9   
  274 |    138.249         -7.9         -8.7         -7.6         -7.4   
  275 |    138.753         -7.6         -7.5         -7.4         -8.1   
  276 |    139.258         -6.3         -7.6           -7           -7   
  277 |    139.762         -5.8         -6.1         -5.6         -6.1   
  278 |    140.267         -6.7         -5.5         -6.5         -7.1   
  279 |    140.771         -5.9           -6         -7.3         -7.4   
  280 |    141.276         -6.6         -6.5         -6.6         -6.5   
  281 |    141.781         -6.2         -7.1           -7         -6.7   
  282 |    142.285         -7.3         -8.3         -8.7         -8.8   
  283 |     142.79         -8.6         -9.3         -7.9         -9.9   
  284 |    143.294         -8.5         -9.6         -9.1         -8.8   
  285 |    143.799         -9.3         -9.6         -9.4         -9.5   
  286 |    144.303         -9.7         -9.6         -9.3         -9.9   
  287 |    144.808          -10        -10.6          -10        -10.1   
  288 |    145.312         -9.6          -10         -9.9         -8.7   
  289 |    145.817         -9.8         -9.9         -9.7         -8.8   
  290 |    146.322         -8.8         -8.4         -8.9         -8.7   
  291 |    146.826         -8.8         -8.9         -9.1         -8.9   
  292 |    147.331         -7.1         -7.6         -7.4         -7.4   
  293 |    147.835         -6.6         -8.2         -8.1         -6.4   
  294 |     148.34         -6.7         -6.8         -7.9           -7   
  295 |    148.844         -7.4         -6.5         -6.8         -7.4   
  296 |    149.349         -7.5           -7         -6.8         -6.9   
  297 |    149.854           -6         -6.8         -7.6         -7.6   
  298 |    150.358         -6.7         -7.1         -7.5         -7.6   
  299 |    150.863         -7.2         -7.7           -8         -8.3   
  300 |    151.367         -7.5         -7.9         -7.5         -8.4   
  301 |    151.872         -7.2         -8.6         -7.1         -8.4   
  302 |    152.376         -8.3         -8.4         -8.4           -9   
  303 |    152.881         -8.3         -8.3         -8.8         -8.6   
  304 |    153.385         -8.6           -8         -8.2         -8.2   
  305 |     153.89         -7.8         -8.3           -8         -7.6   
  306 |    154.395         -7.9         -8.3         -7.4         -7.4   
  307 |    154.899         -7.5         -7.8         -7.3         -7.5   
  308 |    155.404         -7.6           -8           -7         -7.8   
  309 |    155.908         -7.1         -7.3         -7.5         -7.2   
  310 |    156.413         -6.2         -7.1         -8.6         -6.4   
  311 |    156.917         -6.6         -6.8         -7.7         -6.9   
  312 |    157.422         -7.4         -6.9         -7.5         -6.8   
  313 |    157.926         -7.4         -7.6           -7         -7.5   
  314 |    158.431         -7.7         -8.3         -8.2         -7.4   
  315 |    158.936         -8.3         -7.9         -9.4         -9.3   
  316 |     159.44         -8.4         -7.8           -8         -8.6   
  317 |    159.945         -8.2         -8.3         -8.3         -9.3   
  318 |    160.449           -8         -9.5         -9.1         -9.4   
  319 |    160.954         -8.1        -10.2        -10.2         -9.7   
  320 |    161.458         -8.8           -8         -9.7         -8.5   
  321 |    161.963         -8.1         -8.5         -8.4           -8   
  322 |    162.467         -8.2           -8         -7.4         -8.3   
  323 |    162.972         -8.1         -7.8           -8         -8.9   
  324 |    163.477         -7.1         -7.9           -8         -8.3   
  325 |    163.981         -7.9         -7.6         -8.1         -7.3   
  326 |    164.486         -8.2         -7.8         -7.6         -7.3   
  327 |     164.99         -7.5         -8.4         -7.9         -7.1   
  328 |    165.495         -6.6         -7.3         -7.5         -7.5   
  329 |    165.999         -6.1         -7.7         -8.4         -7.3   
  330 |    166.504         -7.4         -7.4         -7.9         -6.9   
  331 |    167.008         -7.7         -7.7         -8.5         -7.7   
  332 |    167.513         -7.6         -8.2           -8         -7.7   
  333 |    168.018         -7.5         -8.7         -7.6         -8.1   
  334 |    168.522         -8.7         -9.1         -8.4         -8.6   
  335 |    169.027           -9         -9.3           -9         -8.4   
  336 |    169.531         -8.5         -8.1         -8.8         -8.6   
  337 |    170.036           -8         -6.3         -8.1         -8.8   
  338 |     170.54         -8.4         -7.6         -7.2         -8.3   
  339 |    171.045         -7.7         -7.8         -7.6         -7.8   
  340 |    171.549         -6.4         -7.5         -7.2         -7.8   
  341 |    172.054         -6.4         -7.2         -6.8         -7.1   
  342 |    172.559         -6.7         -6.1         -6.6         -7.5   
  343 |    173.063         -5.8         -6.2         -7.2         -6.5   
  344 |    173.568         -6.8         -5.6         -7.4         -7.6   
  345 |    174.072         -7.4         -7.4         -7.1         -8.5   
  346 |    174.577         -7.5         -7.2         -8.2         -8.3   
  347 |    175.081         -7.8         -7.9         -7.9           -8   
  348 |    175.586         -8.7         -8.9         -8.7         -9.1   
  349 |     176.09         -8.8         -8.9         -8.5           -9   
  350 |    176.595         -9.5         -9.7          -10         -9.1   
  351 |      177.1         -9.5         -9.4        -10.2         -8.8   
  352 |    177.604         -9.3         -8.2         -9.1         -8.1   
  353 |    178.109         -8.5         -8.6         -8.8         -8.4   
  354 |    178.613         -9.2         -9.1         -8.3         -8.7   
  355 |    179.118         -8.3         -8.3         -8.3         -8.1   
  356 |    179.622         -7.1         -7.1         -8.4         -7.7   
  357 |    180.127         -7.9         -7.7         -7.7         -7.7   
  358 |    180.632         -8.3           -7         -7.8         -6.6   
  359 |    181.136         -7.4           -8         -8.5         -7.8   
  360 |    181.641         -6.9         -7.9         -7.4         -7.6   
  361 |    182.145         -7.9         -6.9         -7.7         -7.2   
  362 |     182.65         -7.1         -7.1         -7.5         -6.6   
  363 |    183.154           -8         -8.4           -8         -8.3   
  364 |    183.659         -8.6         -8.4         -8.4         -8.5   
  365 |    184.163         -8.5         -8.6         -7.7         -8.8   
  366 |    184.668         -7.6         -7.8         -8.8         -7.9   
  367 |    185.173         -8.1         -8.7         -8.7           -8   
  368 |    185.677         -8.5         -8.5         -7.5         -7.9   
  369 |    186.182         -7.4         -8.5         -8.1         -7.5   
  370 |    186.686           -8           -8         -8.6         -8.1   
  371 |    187.191         -7.6           -8         -8.4         -8.7   
  372 |    187.695           -8         -7.6         -7.6         -7.8   
  373 |      188.2         -7.9           -8         -7.4         -7.2   
  374 |    188.704         -7.2         -7.4         -7.7         -7.4   
  375 |    189.209         -7.2           -7         -7.6         -7.4   
  376 |    189.714         -7.3           -7         -7.6         -8.1   
  377 |    190.218         -7.5         -8.1         -8.8         -7.8   
  378 |    190.723         -7.5         -6.8         -7.4         -7.9   
  379 |    191.227         -8.6         -8.6         -8.1           -8   
  380 |    191.732         -8.4         -8.4         -9.1         -8.4   
  381 |    192.236         -9.4         -9.2         -8.4         -9.5   
  382 |    192.741         -8.6         -8.6         -8.4         -7.9   
  383 |    193.245         -8.9         -9.3           -9         -8.5   
  384 |     193.75           -8         -8.5         -9.1         -9.1   
  385 |    194.255         -7.4           -9         -9.2         -9.4   
  386 |    194.759         -8.7         -8.8         -8.5           -8   
  387 |    195.264         -8.2         -8.2         -7.8         -7.8   
  388 |    195.768         -7.2         -8.2         -8.4         -7.3   
  389 |    196.273         -7.2         -8.4         -8.4         -8.4   
  390 |    196.777         -7.9         -7.5         -7.5         -7.5   
  391 |    197.282           -8         -7.9         -7.4         -7.8   
  392 |    197.786         -6.1         -6.2         -6.4         -7.7   
  393 |    198.291         -6.1         -7.3         -7.3         -7.1   
  394 |    198.796         -8.1         -8.3         -9.2         -9.2   
  395 |      199.3         -8.6         -7.8           -8         -7.8   
  396 |    199.805         -8.8         -8.6         -7.7         -8.2   
  397 |    200.309         -9.1           -9         -9.3           -9   
  398 |    200.814         -9.3         -9.4         -9.2         -9.3   
  399 |    201.318           -8         -8.5         -8.4         -7.7   
  400 |    201.823         -8.3         -8.5         -6.9         -9.3   
  401 |    202.327         -8.7         -7.9         -8.3         -8.1   
  402 |    202.832         -7.2         -7.8         -8.6         -8.8   
  403 |    203.337         -6.7         -7.2         -7.8         -6.7   
  404 |    203.841         -7.1         -7.2         -7.8         -7.5   
  405 |    204.346         -6.8         -8.3         -8.3         -7.9   
  406 |     204.85         -6.9         -8.4         -7.6         -8.5   
  407 |    205.355         -7.9         -7.9         -6.8         -6.9   
  408 |    205.859         -6.9         -6.4         -7.5         -6.6   
  409 |    206.364         -8.4         -8.4         -7.9         -8.6   
  410 |    206.868         -7.7         -8.3         -7.9         -7.6   
  411 |    207.373         -8.9         -8.2        -10.1         -8.7   
  412 |    207.878           -9         -7.7         -8.8         -8.7   
  413 |    208.382         -9.6          -11         -9.4         -9.6   
  414 |    208.887         -9.6           -9         -9.8        -10.2   
  415 |    209.391         -9.3          -10        -11.1         -8.6   
  416 |    209.896         -8.4         -8.6         -9.2         -8.3   
  417 |      210.4         -9.6         -8.5         -8.7         -8.8   
  418 |    210.905         -9.3         -8.8         -8.2         -8.2   
  419 |     211.41         -9.2         -9.4           -8         -8.2   
  420 |    211.914         -8.1         -8.2           -8         -8.7   
  421 |    212.419         -7.4         -8.2           -9         -8.1   
  422 |    212.923         -7.6           -8         -7.7         -7.4   
  423 |    213.428         -7.9         -7.9         -7.7         -8.3   
  424 |    213.932         -6.4         -8.4         -7.6         -7.1   
  425 |    214.437           -8           -9         -8.8         -8.2   
  426 |    214.941         -7.3         -6.3         -7.7         -7.8   
  427 |    215.446         -8.6         -8.1         -8.8           -8   
  428 |    215.951         -7.2         -7.1         -7.5         -7.3   
  429 |    216.455           -8         -9.6         -8.8         -9.4   
  430 |     216.96           -8         -8.3         -8.3         -8.4   
  431 |    217.464         -8.9           -9         -7.9         -9.3   
  432 |    217.969         -8.5         -8.5         -8.3         -8.1   
  433 |    218.473         -8.1         -8.2         -9.1         -8.1   
  434 |    218.978         -7.5         -7.6         -7.8         -7.4   
  435 |    219.482         -8.2         -8.2         -8.8         -7.5   
  436 |    219.987         -7.3         -7.4         -7.6         -6.9   
  437 |    220.492         -8.3         -7.7         -8.2         -6.9   
  438 |    220.996         -7.6         -7.1         -7.1         -6.9   
  439 |    221.501         -7.4         -8.4         -8.1         -7.2   
  440 |    222.005         -6.9         -7.1         -7.2         -7.5   
  441 |     222.51         -7.8         -8.1         -8.7         -8.6   
  442 |    223.014         -7.8         -7.5         -7.7         -7.6   
  443 |    223.519         -8.9         -8.2         -8.5         -8.8   
  444 |    224.023         -7.8         -8.3         -8.7         -8.4   
  445 |    224.528         -7.8         -9.3         -9.5         -9.1   
  446 |    225.033         -7.9         -9.4         -9.1         -8.2   
  447 |    225.537         -8.6         -9.4           -9         -8.6   
  448 |    226.042         -8.9         -8.5           -9         -8.3   
  449 |    226.546        -10.1         -9.6         -9.4         -9.5   
  450 |    227.051         -8.7         -8.7         -9.7           -9   
  451 |    227.555         -8.4         -8.8         -8.2         -8.5   
  452 |     228.06         -7.8         -7.5         -7.6         -7.7   
  453 |    228.564         -8.4           -8         -9.2         -8.6   
  454 |    229.069         -7.5         -6.8         -7.4         -7.6   
  455 |    229.574         -7.8         -6.8         -7.5         -7.9   
  456 |    230.078         -7.3         -7.9         -7.4           -7   
  457 |    230.583         -7.5         -8.5         -8.9           -7   
  458 |    231.087         -7.8         -6.8         -7.7           -8   
  459 |    231.592         -9.2         -7.7         -8.3         -8.7   
  460 |    232.096         -8.1         -7.6           -8         -8.4   
  461 |    232.601         -9.5         -9.3         -8.6         -9.8   
  462 |    233.105         -8.5         -8.8         -8.5         -7.5   
  463 |     233.61         -9.1         -8.4         -8.1         -8.7   
  464 |    234.115         -8.6         -7.9         -9.1           -9   
  465 |    234.619         -8.4         -8.5         -8.8         -8.8   
  466 |    235.124         -7.7         -7.9         -7.8         -7.3   
  467 |    235.628         -7.3         -7.8         -7.4         -7.5   
  468 |    236.133         -5.4         -7.6         -6.7           -7   
  469 |    236.637         -7.3           -7           -7         -7.7   
  470 |    237.142         -6.6         -6.1         -6.8           -7   
  471 |    237.647         -6.9         -6.9         -7.4         -7.5   
  472 |    238.151         -6.1         -6.1         -7.1         -6.6   
  473 |    238.656         -7.7         -8.4         -8.1         -7.7   
  474 |     239.16         -7.7         -7.8         -7.1         -7.1   
  475 |    239.665         -9.2           -9         -9.8         -8.8   
  476 |    240.169         -9.1         -7.8         -9.8         -8.6   
  477 |    240.674           -9         -9.6        -10.2         -9.6   
  478 |    241.178         -9.3         -9.6         -9.2         -8.9   
  479 |    241.683         -8.9         -9.9         -9.5         -9.5   
  480 |    242.188           -9         -9.9         -9.3         -9.7   
  481 |    242.692        -10.6         -9.7        -10.8         -9.7   
  482 |    243.197         -8.9         -7.8         -8.4           -8   
  483 |    243.701         -8.2         -8.9         -8.2         -8.3   
  484 |    244.206         -7.3         -8.4         -6.9         -7.4   
  485 |     244.71         -7.9         -8.8         -8.5         -8.5   
  486 |    245.215         -7.1         -7.5         -7.7         -7.4   
  487 |    245.719         -7.1         -6.7         -8.3         -7.4   
  488 |    246.224         -6.4         -6.4         -6.7         -6.8   
  489 |    246.729         -8.4         -7.8           -8         -7.5   
  490 |    247.233         -7.2         -7.8         -8.6         -7.2   
  491 |    247.738         -8.3         -7.8           -8         -7.2   
  492 |    248.242         -6.9         -7.6         -8.6         -8.6   
  493 |    248.747         -8.7         -8.8         -8.6         -8.7   
  494 |    249.251           -8           -9         -7.8         -8.3   
  495 |    249.756         -9.4         -9.2           -9         -9.7   
  496 |     250.26         -8.1         -7.9         -8.9           -8   
  497 |    250.765         -9.1         -8.1         -8.6         -8.5   
  498 |     251.27         -8.2           -8         -8.3         -7.7   
  499 |    251.774         -7.8         -8.8         -8.9         -8.7   
  500 |    252.279         -7.9         -7.5         -7.2         -7.4   
  501 |    252.783         -6.8         -7.1         -7.5         -7.1   
  502 |    253.288         -6.2         -6.2         -6.4         -7.3   
  503 |    253.792         -6.7         -7.4         -7.4         -7.7   
  504 |    254.297         -7.4         -7.6         -7.4         -7.1   
  505 |    254.801         -8.2         -9.3         -8.7         -8.1   
  506 |    255.306           -7         -7.3         -7.9           -8   
  507 |    255.811           -9           -9         -8.7         -8.9   
  508 |    256.315         -8.5           -9         -8.6         -7.9   
  509 |     256.82         -9.3         -8.6         -9.8         -9.9   
  510 |    257.324         -9.4           -9         -9.4         -8.9   
  511 |    257.829         -9.4         -9.3         -9.4        -10.2   
  512 |    258.333         -8.5         -8.9         -8.5         -8.5   
  513 |    258.838         -9.5         -9.7         -9.2         -9.2   
  514 |    259.342         -8.7         -8.8         -8.7         -8.8   
  515 |    259.847         -8.4         -8.3         -8.1         -8.8   
  516 |    260.352         -7.8         -7.8         -7.7         -7.5   
  517 |    260.856         -7.6         -8.9         -8.5         -7.9   
  518 |    261.361           -7         -8.1         -7.6         -6.7   
  519 |    261.865         -7.6         -7.9         -7.7         -8.5   
  520 |     262.37           -7         -6.7         -7.3         -6.3   
  521 |    262.874         -7.8         -7.7         -8.5         -7.9   
  522 |    263.379         -7.5         -7.6         -7.2         -7.6   
  523 |    263.883         -7.1         -9.1         -7.7         -7.5   
  524 |    264.388         -6.8           -9         -8.3         -8.4   
  525 |    264.893         -8.2         -8.5         -8.9         -8.6   
  526 |    265.397         -8.1           -9         -8.4         -9.9   
  527 |    265.902         -9.9           -9         -9.2          -10   
  528 |    266.406         -9.8         -8.2         -8.3         -8.7   
  529 |    266.911         -8.7         -9.6         -9.2         -8.4   
  530 |    267.415         -7.3         -7.2         -8.6         -7.4   
  531 |     267.92         -7.8         -7.5         -7.3           -7   
  532 |    268.424         -6.9         -6.6         -5.7         -6.4   
  533 |    268.929         -7.8         -6.8         -6.8         -7.8   
  534 |    269.434         -5.2         -6.5         -6.4         -5.8   
  535 |    269.938         -5.3           -7         -7.1         -6.5   
  536 |    270.443         -6.3         -6.4         -6.2         -6.6   
  537 |    270.947         -8.4         -8.2         -7.7         -7.8   
  538 |    271.452         -7.2           -8         -7.9         -7.3   
  539 |    271.956         -9.5         -8.9         -9.5         -8.6   
  540 |    272.461         -9.4         -8.9         -8.5         -8.4   
  541 |    272.966        -10.2        -10.3        -10.8        -10.2   
  542 |     273.47         -9.4         -9.8           -9          -10   
  543 |    273.975        -10.4          -10          -10         -9.9   
  544 |    274.479           -9         -9.3         -8.9         -9.5   
  545 |    274.984         -9.7        -10.6         -9.4          -10   
  546 |    275.488         -9.3         -9.4           -9         -8.1   
  547 |    275.993         -9.1         -9.1         -8.9         -8.8   
  548 |    276.497         -8.3         -8.3         -8.7           -8   
  549 |    277.002         -8.6         -7.5           -8         -7.7   
  550 |    277.507         -6.4         -7.9         -7.4         -7.6   
  551 |    278.011         -7.1           -8         -7.6         -7.3   
  552 |    278.516         -6.5           -7         -7.3         -7.3   
  553 |     279.02         -7.5         -8.1         -8.7         -7.9   
  554 |    279.525         -6.8         -7.7         -7.6         -7.5   
  555 |    280.029           -8         -7.8         -7.7         -8.1   
  556 |    280.534         -7.1         -8.1         -7.5         -8.2   
  557 |    281.038         -8.9         -8.7         -8.2           -8   
  558 |    281.543         -7.9         -7.8         -7.7         -8.6   
  559 |    282.048         -8.5         -9.4         -9.5         -8.8   
  560 |    282.552         -7.4         -8.1         -8.6         -8.1   
  561 |    283.057         -8.2         -8.7         -8.4         -8.3   
  562 |    283.561         -6.8         -7.4         -7.7         -6.7   
  563 |    284.066         -7.2         -7.3           -9         -7.5   
  564 |     284.57         -7.2         -6.6         -7.6         -7.9   
  565 |    285.075         -7.6         -7.6         -8.4           -9   
  566 |    285.579           -7         -7.7         -7.2           -7   
  567 |    286.084         -7.6         -7.6         -7.5         -7.7   
  568 |    286.589         -7.1         -7.3         -7.5         -7.4   
  569 |    287.093           -8           -8         -8.2         -8.6   
  570 |    287.598           -8         -7.9         -8.2         -8.3   
  571 |    288.102         -8.8         -8.8         -7.5         -8.8   
  572 |    288.607         -8.9         -8.5         -8.3         -8.4   
  573 |    289.111         -8.6         -8.6         -8.4        -10.1   
  574 |    289.616        -10.1         -9.3           -9         -8.7   
  575 |     290.12         -9.6         -9.8        -10.1         -9.4   
  576 |    290.625         -8.4         -8.8        -10.1         -8.4   
  577 |     291.13         -9.2         -9.3         -9.9         -9.1   
  578 |    291.634         -9.4         -8.6         -8.3           -9   
  579 |    292.139         -9.1         -9.1         -8.7         -8.7   
  580 |    292.643         -7.5         -7.7         -8.2         -8.5   
  581 |    293.148         -8.8         -8.4         -8.4         -7.4   
  582 |    293.652         -6.9         -7.6         -6.9         -7.6   
  583 |    294.157         -7.8         -7.9         -7.8         -7.7   
  584 |    294.661         -6.6           -7         -7.1           -7   
  585 |    295.166           -8         -7.7         -8.4         -8.2   
  586 |    295.671         -7.6         -7.5           -6         -7.7   
  587 |    296.175           -8         -8.5         -8.2         -8.2   
  588 |     296.68         -7.5         -8.2         -7.8         -7.6   
  589 |    297.184         -9.7         -8.6         -8.9         -8.8   
  590 |    297.689         -8.5         -8.5         -7.9         -8.6   
  591 |    298.193         -8.6         -9.4         -9.4         -8.7   
  592 |    298.698         -8.4           -8         -7.6         -9.4   
  593 |    299.203         -8.3         -8.3         -9.2         -8.9   
  594 |    299.707         -7.8         -7.8         -7.3         -7.7   
  595 |    300.212         -8.6           -8         -7.8         -7.4   
  596 |    300.716         -6.8         -5.8         -8.5         -6.8   
  597 |    301.221         -7.3         -7.2         -8.3         -7.2   
  598 |    301.725         -6.3         -6.1         -6.2         -7.7   
  599 |     302.23         -7.3         -7.3         -7.3         -7.6   
  600 |    302.734         -7.1           -7         -6.4         -6.2   
  601 |    303.239         -7.9         -8.1         -8.1         -7.2   
  602 |    303.744         -7.2         -7.2         -8.2         -8.3   
  603 |    304.248         -8.4         -8.8         -9.6         -9.9   
  604 |    304.753         -8.5         -8.7         -9.4         -8.8   
  605 |    305.257        -10.1         -9.9         -9.9         -9.4   
  606 |    305.762         -9.1         -9.5         -9.9         -8.6   
  607 |    306.266        -10.3        -10.1         -9.5         -9.5   
  608 |    306.771         -8.8           -8           -9           -9   
  609 |    307.275         -9.2         -9.1         -9.7           -9   
  610 |     307.78         -8.7         -9.9         -8.9         -8.2   
  611 |    308.285         -9.4         -9.3         -9.1         -8.3   
  612 |    308.789         -8.3         -7.7         -8.2         -8.1   
  613 |    309.294         -8.3         -8.6           -8         -8.1   
  614 |    309.798           -7         -6.8         -7.4         -6.9   
  615 |    310.303           -8         -7.9         -7.8         -6.9   
  616 |    310.807         -7.8         -6.9         -6.8           -7   
  617 |    311.312         -8.7         -7.3         -7.7         -8.6   
  618 |    311.816         -7.1         -8.5         -7.7         -7.4   
  619 |    312.321         -8.3         -8.2         -8.5         -8.7   
  620 |    312.826         -7.4         -7.8         -8.3         -7.8   
  621 |     313.33         -8.8         -7.9           -9         -8.6   
  622 |    313.835         -8.8         -7.7         -8.5         -8.1   
  623 |    314.339         -8.5         -8.8         -7.6         -7.5   
  624 |    314.844         -8.4         -8.8         -7.7         -7.8   
  625 |    315.348         -9.5        -10.1         -9.2         -9.1   
  626 |    315.853         -7.2           -7         -8.5           -7   
  627 |    316.357         -7.5           -7         -8.9         -8.4   
  628 |    316.862         -6.7         -6.8         -7.2         -6.3   
  629 |    317.367         -7.6           -8         -8.1           -8   
  630 |    317.871         -6.8           -6         -7.4         -7.6   
  631 |    318.376         -7.8         -7.7         -7.5         -7.4   
  632 |     318.88         -7.1         -6.8         -6.8         -7.2   
  633 |    319.385         -8.6         -7.8         -8.5         -8.1   
  634 |    319.889         -7.6         -7.8         -6.8         -8.2   
  635 |    320.394         -8.9         -9.2         -8.8         -8.3   
  636 |    320.898         -7.2         -8.2         -7.8         -8.5   
  637 |    321.403         -8.5         -9.7         -9.8         -9.2   
  638 |    321.908           -9         -8.6         -9.2         -8.7   
  639 |    322.412         -9.3         -9.2         -9.6           -9   
  640 |    322.917         -8.1           -8         -8.6         -9.2   
  641 |    323.421           -9        -10.3         -9.8         -9.5   
  642 |    323.926         -8.2         -8.2         -7.6         -7.8   
  643 |     324.43         -9.3         -8.7         -8.8         -7.7   
  644 |    324.935         -8.4         -8.3         -7.9         -7.6   
  645 |    325.439         -8.6         -9.1         -9.2         -7.5   
  646 |    325.944         -7.6         -7.7         -7.6         -6.6   
  647 |    326.449           -8         -8.4         -7.9         -7.9   
  648 |    326.953         -7.2         -6.6         -7.1         -7.7   
  649 |    327.458         -5.5         -8.2         -8.2         -8.5   
  650 |    327.962         -7.2         -7.4           -8         -7.6   
  651 |    328.467         -7.6         -8.8         -8.6         -8.5   
  652 |    328.971         -8.1         -8.2         -8.3         -8.2   
  653 |    329.476         -9.5           -9         -9.4         -9.2   
  654 |     329.98         -9.3           -8         -9.3         -9.4   
  655 |    330.485         -9.5         -9.4         -9.1         -9.4   
  656 |     330.99         -8.2         -8.8         -8.1         -8.4   
  657 |    331.494         -8.8         -8.7         -9.2         -8.3   
  658 |    331.999         -7.4         -7.6         -8.6         -7.5   
  659 |    332.503         -6.5         -7.5         -7.1         -7.1   
  660 |    333.008         -6.6         -5.9         -6.4         -6.5   
  661 |    333.512         -6.9         -6.7         -6.8           -7   
  662 |    334.017         -5.6         -5.8           -6         -5.1   
  663 |    334.521         -6.4         -6.9         -6.3         -5.7   
  664 |    335.026         -5.5         -6.1           -6         -5.9   
  665 |    335.531         -7.5         -7.4         -8.3         -8.2   
  666 |    336.035         -7.3         -7.8         -7.7         -8.1   
  667 |     336.54         -9.1         -9.4           -9         -9.2   
  668 |    337.044         -9.3         -8.5         -8.9         -8.7   
  669 |    337.549         -9.9        -11.2        -10.7        -10.5   
  670 |    338.053        -10.6          -10          -10         -6.3   
  671 |    338.558        -10.6        -11.7        -10.4        -10.4   
  672 |    339.062         -9.9        -10.6        -10.6        -10.8   
  673 |    339.567        -10.2        -10.8        -11.3        -10.6   
  674 |    340.072         -9.4         -8.6         -8.9         -7.8   
  675 |    340.576         -9.1          -10         -8.7         -8.5   
  676 |    341.081         -8.2         -7.7         -8.1         -7.8   
  677 |    341.585         -8.5         -8.7         -8.8         -8.2   
  678 |     342.09         -7.5           -7         -7.2           -8   
  679 |    342.594           -8         -7.1         -7.7         -7.7   
  680 |    343.099         -7.3         -6.5         -6.2           -6   
  681 |    343.604         -6.5         -8.7           -8         -8.2   
  682 |    344.108         -7.4           -8         -7.5         -7.1   
  683 |    344.613         -7.9           -8         -8.5         -7.7   
  684 |    345.117         -7.4         -7.7         -7.2         -7.4   
  685 |    345.622         -8.9         -8.3         -8.4         -9.8   
  686 |    346.126         -7.2         -7.5         -8.7           -8   
  687 |    346.631         -9.4         -9.5          -10           -9   
  688 |    347.135         -8.3         -8.2           -8         -7.7   
  689 |     347.64         -8.5         -8.9         -8.4         -8.2   
  690 |    348.145         -8.5         -7.3         -6.9         -7.8   
  691 |    348.649         -8.3         -7.9         -7.1         -7.1   
  692 |    349.154         -6.7         -7.7           -7         -7.3   
  693 |    349.658         -6.5         -6.4         -6.6         -7.6   
  694 |    350.163         -7.3           -6         -7.9         -7.4   
  695 |    350.667         -7.7         -7.5         -8.5         -6.7   
  696 |    351.172         -7.1         -7.1         -7.4         -6.9   
  697 |    351.676         -7.4         -7.8         -7.3         -7.7   
  698 |    352.181         -7.3         -7.1         -7.8         -8.6   
  699 |    352.686         -7.8         -7.8         -8.3         -9.1   
  700 |     353.19         -8.7         -9.2         -8.6         -8.3   
  701 |    353.695        -10.1        -10.6         -8.8         -9.3   
  702 |    354.199         -8.9         -9.1         -9.6         -9.2   
  703 |    354.704         -9.5         -9.7        -10.1         -9.2   
  704 |    355.208         -7.4         -9.1         -7.2         -8.6   
  705 |    355.713         -8.6         -9.9           -9         -8.8   
  706 |    356.217         -8.6         -8.5         -8.4         -7.9   
  707 |    356.722         -9.8         -8.8         -9.3         -8.5   
  708 |    357.227         -8.4         -7.9         -8.8           -8   
  709 |    357.731         -8.5         -8.8         -8.7         -8.4   
  710 |    358.236         -7.5         -7.6         -7.8         -7.5   
  711 |     358.74         -9.1         -7.8         -8.6         -8.6   
  712 |    359.245           -7           -7         -8.1         -7.1   
  713 |    359.749         -8.3         -8.5         -7.6         -8.3   
  714 |    360.254         -6.7         -7.9           -7         -7.1   
  715 |    360.758         -8.4         -7.1         -8.7           -8   
  716 |    361.263         -8.5         -7.4         -8.9         -7.1   
  717 |    361.768         -9.7        -10.1         -8.8           -9   
  718 |    362.272         -9.7         -8.5         -8.5         -8.8   
  719 |    362.777         -8.4         -9.6         -8.7         -9.2   
  720 |    363.281         -7.9         -9.6         -8.4         -8.1   
  721 |    363.786         -9.5         -9.3         -9.4         -9.3   
  722 |     364.29         -7.4         -6.9         -7.9         -8.1   
  723 |    364.795           -8         -7.4         -6.8         -8.3   
  724 |    365.299         -7.1         -5.8         -6.6         -6.8   
  725 |    365.804         -7.1         -7.4         -6.7         -8.3   
  726 |    366.309         -6.5         -6.8         -6.1         -5.8   
  727 |    366.813         -6.5         -7.4         -7.2         -7.8   
  728 |    367.318         -6.4         -6.1         -6.9         -6.9   
  729 |    367.822         -8.2         -7.9         -7.8         -8.6   
  730 |    368.327         -7.7         -7.6           -8         -6.8   
  731 |    368.831         -9.3         -8.3         -8.8         -8.7   
  732 |    369.336         -8.6         -8.7         -9.1         -9.8   
  733 |    369.841        -10.3        -10.1        -10.2        -10.9   
  734 |    370.345        -10.1         -9.5         -9.6         -9.9   
  735 |     370.85         -9.8         -9.6         -9.5        -10.3   
  736 |    371.354         -9.5         -9.4         -9.7         -8.8   
  737 |    371.859         -9.8        -11.3        -10.1        -10.2   
  738 |    372.363         -8.8         -8.5         -8.6         -8.6   
  739 |    372.868         -8.9         -9.1         -8.6         -9.3   
  740 |    373.372         -6.9         -8.3         -8.2         -7.8   
  741 |    373.877         -8.2           -9         -9.1         -8.7   
  742 |    374.382         -7.1         -6.8         -7.1         -6.8   
  743 |    374.886         -8.7         -6.9         -8.1         -7.6   
  744 |    375.391         -7.3         -7.4           -7         -7.2   
  745 |    375.895         -7.2         -9.3         -8.7         -8.8   
  746 |      376.4         -6.9         -7.1         -7.3         -8.2   
  747 |    376.904         -8.4         -8.6         -9.1         -9.1   
  748 |    377.409         -7.3         -7.5         -7.8         -7.8   
  749 |    377.913         -9.4         -9.3         -8.7         -8.6   
  750 |    378.418         -8.2         -8.9         -8.1         -8.2   
  751 |    378.923         -8.4         -9.6           -9         -9.1   
  752 |    379.427         -7.4         -7.1         -8.1           -8   
  753 |    379.932         -8.8         -8.4         -8.5         -8.4   
  754 |    380.436         -8.3         -7.6         -7.5         -6.4   
  755 |    380.941         -7.7         -8.8         -8.9         -8.1   
  756 |    381.445         -7.3         -7.4         -7.5         -6.6   
  757 |     381.95         -7.5         -9.3           -8         -7.7   
  758 |    382.454         -6.3         -6.8         -6.7           -6   
  759 |    382.959           -7         -7.2         -7.1         -7.4   
  760 |    383.464         -7.2           -7         -7.4         -7.6   
  761 |    383.968         -8.5         -8.5         -9.3         -8.5   
  762 |    384.473         -7.1         -8.1         -8.2         -8.1   
  763 |    384.977         -8.2           -9         -8.7         -8.7   
  764 |    385.482         -8.2         -9.1         -8.7         -9.5   
  765 |    385.986        -10.1         -9.5        -10.3         -9.4   
  766 |    386.491         -8.9           -9         -8.1         -8.4   
  767 |    386.995         -9.4         -9.1           -9         -9.4   
  768 |      387.5         -7.9         -8.9         -8.9         -8.8   
  769 |    388.005         -8.9        -10.3         -9.6         -9.2   
  770 |    388.509         -8.7         -8.2         -8.4         -8.2   
  771 |    389.014         -8.9         -9.1         -7.8         -8.4   
  772 |    389.518         -7.8         -8.4         -7.8         -8.1   
  773 |    390.023         -7.6         -8.1           -9         -7.8   
  774 |    390.527         -6.5         -7.5           -7         -7.3   
  775 |    391.032         -7.5           -8         -6.7         -7.9   
  776 |    391.536         -7.5         -7.3         -7.8         -7.4   
  777 |    392.041         -8.8         -8.7         -8.4         -7.7   
  778 |    392.546         -7.7         -7.4         -7.5         -7.6   
  779 |     393.05         -8.6           -8         -9.4         -8.4   
  780 |    393.555         -8.4         -7.9         -8.1         -8.4   
  781 |    394.059         -9.1         -9.8           -9          -10   
  782 |    394.564         -8.8         -9.4         -8.1         -8.8   
  783 |    395.068        -10.6         -9.6         -8.8         -9.1   
  784 |    395.573         -9.2         -8.8         -8.5         -9.7   
  785 |    396.077         -8.8          -10           -9         -9.6   
  786 |    396.582         -7.5         -7.9         -7.8         -7.7   
  787 |    397.087         -8.6         -7.3         -7.1         -7.3   
  788 |    397.591         -6.5         -5.5         -6.3         -7.1   
  789 |    398.096         -6.1         -6.4         -6.6         -6.6   
  790 |      398.6         -5.3           -5         -6.6           -5   
  791 |    399.105         -6.1         -6.7         -6.8         -6.9   
  792 |    399.609           -6           -6         -7.1         -6.7   
  793 |    400.114         -7.1         -7.9         -8.8         -7.5   
  794 |    400.618         -7.7           -8         -9.2         -8.7   
  795 |    401.123         -9.8         -9.5           -9         -9.8   
  796 |    401.628         -9.1         -9.3         -8.7        -10.1   
  797 |    402.132         -9.4        -10.3        -10.6         -9.8   
  798 |    402.637         -9.7         -9.1         -9.4        -10.1   
  799 |    403.141        -10.5          -10         -9.1         -9.8   
  800 |    403.646        -10.6        -10.4         -9.6        -10.3   
  801 |     404.15        -10.4        -10.5          -10        -10.2   
  802 |    404.655         -9.1         -9.5         -8.8         -8.8   
  803 |     405.16         -8.7         -8.9         -8.6           -8   
  804 |    405.664         -8.5         -7.6         -7.8         -7.3   
  805 |    406.169         -8.6         -9.2         -8.9         -8.7   
  806 |    406.673         -7.4           -7         -7.4           -7   
  807 |    407.178         -8.5         -6.4           -8           -8   
  808 |    407.682         -7.6         -7.1         -6.9         -7.8   
  809 |    408.187         -7.5         -8.5         -8.2         -7.6   
  810 |    408.691         -7.9         -7.8         -7.8         -7.6   
  811 |    409.196           -8         -9.4         -8.6         -8.7   
  812 |    409.701         -7.6         -7.8         -8.1           -7   
  813 |    410.205         -8.5         -8.8           -9         -8.3   
  814 |     410.71         -8.5           -9         -8.3         -5.2   
  815 |    411.214           -9         -8.9         -8.2         -8.6   
  816 |    411.719         -7.4         -8.1         -8.5         -7.9   
  817 |    412.223           -8         -9.3         -8.5         -8.9   
  818 |    412.728         -7.9           -8         -7.8         -7.5   
  819 |    413.232         -7.8         -7.2         -8.2         -6.8   
  820 |    413.737         -7.5         -7.8         -7.5         -7.9   
  821 |    414.242         -7.7         -7.4         -7.7         -7.7   
  822 |    414.746         -6.6         -6.6         -6.9         -7.2   
  823 |    415.251         -7.4         -7.5         -8.1         -8.1   
  824 |    415.755         -6.6         -7.1         -7.5         -6.8   
  825 |     416.26         -7.6         -8.2         -8.5         -8.6   
  826 |    416.764         -7.5           -9         -7.6         -8.4   
  827 |    417.269         -9.8         -9.3         -9.4          -10   
  828 |    417.773         -7.9         -7.8         -8.8         -8.9   
  829 |    418.278        -10.7         -9.7         -9.6         -9.8   
  830 |    418.783         -9.8         -9.8         -9.4         -9.2   
  831 |    419.287        -10.4         -9.8        -10.1         -9.5   
  832 |    419.792         -8.9         -8.4         -7.7         -9.1   
  833 |    420.296         -9.4         -8.9         -9.5           -9   
  834 |    420.801         -9.8         -7.6         -8.6         -7.8   
  835 |    421.305           -9         -9.6         -8.6         -8.9   
  836 |     421.81         -7.4         -8.5         -8.6         -8.4   
  837 |    422.314         -7.8         -8.6         -8.7         -8.7   
  838 |    422.819           -8         -7.2         -6.7         -7.4   
  839 |    423.324         -8.7           -9         -7.9         -8.3   
  840 |    423.828         -6.7         -7.4         -8.1         -7.7   
  841 |    424.333         -7.6         -7.7         -7.9         -8.5   
  842 |    424.837         -7.7         -8.1         -7.5         -8.5   
  843 |    425.342         -8.5         -9.1         -8.7         -8.3   
  844 |    425.846         -7.9         -8.3         -8.4         -7.6   
  845 |    426.351         -9.2         -9.4           -9         -9.5   
  846 |    426.855         -8.9         -9.1         -8.9           -9   
  847 |     427.36         -9.7         -9.3         -8.9         -9.6   
  848 |    427.865         -8.8         -7.8         -8.1         -8.4   
  849 |    428.369         -8.9         -8.7         -9.1         -7.9   
  850 |    428.874           -8         -7.6         -8.1         -8.2   
  851 |    429.378         -7.6         -7.9         -6.7         -7.5   
  852 |    429.883         -6.3         -7.2         -6.8         -6.3   
  853 |    430.387         -7.4         -6.8           -7         -6.9   
  854 |    430.892         -6.8         -6.3         -7.2         -6.9   
  855 |    431.397         -7.3         -7.6         -8.4           -7   
  856 |    431.901           -7         -6.9         -6.2           -7   
  857 |    432.406         -8.2         -8.2         -7.8         -9.7   
  858 |     432.91         -7.2         -7.8         -8.1           -9   
  859 |    433.415         -9.1         -9.5         -9.1         -9.6   
  860 |    433.919         -8.7         -9.6         -8.5         -8.9   
  861 |    434.424        -10.2         -9.1         -9.7        -10.2   
  862 |    434.928         -9.2         -8.9         -8.7         -9.6   
  863 |    435.433          -10        -10.6         -9.2         -9.2   
  864 |    435.938         -9.1           -9         -8.8         -9.2   
  865 |    436.442         -9.7        -10.2        -10.8         -9.2   
  866 |    436.947         -8.2         -8.1         -8.7         -7.5   
  867 |    437.451         -8.9         -8.7         -9.1         -8.6   
  868 |    437.956           -8         -8.3         -7.4         -7.5   
  869 |     438.46         -9.4         -8.8         -8.2         -8.2   
  870 |    438.965         -8.3         -7.1         -7.8         -7.9   
  871 |    439.469         -8.1         -8.2         -8.7         -9.3   
  872 |    439.974         -7.4         -5.9         -6.7         -7.5   
  873 |    440.479         -8.1         -8.2         -7.8         -8.4   
  874 |    440.983         -7.7         -8.2         -7.4         -7.7   
  875 |    441.488         -8.6         -9.2         -8.2         -8.7   
  876 |    441.992         -8.4           -8         -8.3         -8.7   
  877 |    442.497         -9.7         -9.2           -9         -9.6   
  878 |    443.001         -8.3         -8.7         -7.7         -8.6   
  879 |    443.506         -8.5         -9.4           -9         -8.6   
  880 |     444.01         -8.6         -8.2         -8.9         -7.5   
  881 |    444.515           -9           -9         -9.1         -8.8   
  882 |     445.02         -8.4         -8.3         -7.1         -6.8   
  883 |    445.524         -8.4         -7.4         -8.1         -7.2   
  884 |    446.029         -7.2         -6.9         -7.8         -6.6   
  885 |    446.533         -7.9         -6.8         -7.6         -6.9   
  886 |    447.038         -7.7         -7.3         -8.2         -6.6   
  887 |    447.542         -8.1         -7.1         -8.2         -7.7   
  888 |    448.047         -7.4         -6.9         -7.2         -7.7   
  889 |    448.551         -8.3         -9.3         -8.4         -8.4   
  890 |    449.056         -6.7         -8.1         -7.8         -7.2   
  891 |    449.561         -7.8         -8.6         -9.7         -8.3   
  892 |    450.065         -9.1         -8.9         -9.5         -9.2   
  893 |     450.57         -9.8         -8.7         -9.2         -9.5   
  894 |    451.074         -8.7         -8.8           -9         -8.4   
  895 |    451.579         -9.8        -10.5         -9.4         -9.6   
  896 |    452.083         -8.3           -9         -8.6         -8.4   
  897 |    452.588         -8.9         -9.3         -9.1         -9.1   
  898 |    453.092         -8.5         -8.2         -8.7           -8   
  899 |    453.597         -8.7         -7.9           -8         -7.9   
  900 |    454.102         -8.2         -7.4         -8.2         -7.9   
  901 |    454.606         -9.4         -8.8         -8.5         -8.9   
  902 |    455.111         -7.6         -7.8         -7.2         -7.8   
  903 |    455.615         -7.5         -7.1         -7.3         -7.2   
  904 |     456.12         -7.6         -7.5         -7.8         -7.7   
  905 |    456.624         -9.6         -9.5         -9.9         -9.5   
  906 |    457.129         -9.8         -9.2           -9         -9.3   
  907 |    457.633        -10.5         -9.7        -10.3        -10.3   
  908 |    458.138         -9.1         -9.6           -9         -9.4   
  909 |    458.643        -10.1        -10.8        -10.1        -10.9   
  910 |    459.147        -10.7         -9.7         -9.9         -9.8   
  911 |    459.652         -9.5         -9.6         -9.1         -8.7   
  912 |    460.156         -8.9         -8.4         -8.7         -7.6   
  913 |    460.661         -8.9         -9.1         -8.8         -7.3   
  914 |    461.165           -8         -8.1         -7.7         -7.8   
  915 |     461.67         -7.3         -6.6         -6.8         -7.1   
  916 |    462.174         -5.8         -5.9         -6.5         -5.8   
  917 |    462.679         -5.9         -6.3         -6.5         -6.2   
  918 |    463.184         -5.4         -5.8         -5.8         -5.4   
  919 |    463.688           -6           -6         -6.3           -6   
  920 |    464.193         -5.2         -4.8         -6.3         -6.1   
  921 |    464.697           -7         -7.6         -6.7         -6.8   
  922 |    465.202         -7.5         -7.9         -7.2         -8.5   
  923 |    465.706         -8.8           -9         -9.1         -7.9   
  924 |    466.211         -9.9        -10.1         -8.8          -10   
  925 |    466.716         -9.9          -10        -10.1        -10.2   
  926 |     467.22          -10        -10.3        -10.2        -10.8   
  927 |    467.725          -11         -9.8        -10.9         -9.9   
  928 |    468.229         -9.7        -10.6        -10.2        -10.6   
  929 |    468.734         -9.9        -10.2        -10.3         -9.7   
  930 |    469.238         -9.9         -9.1           -8         -9.4   
  931 |    469.743        -10.1         -9.4         -9.3         -9.5   
  932 |    470.247         -7.7         -9.5         -8.1         -8.3   
  933 |    470.752         -8.3         -8.4         -7.5         -7.5   
  934 |    471.257         -7.7         -6.5         -7.4         -8.5   
  935 |    471.761         -8.7           -8           -8         -7.8   
  936 |    472.266         -7.9         -7.1         -7.4         -7.4   
  937 |     472.77         -6.3         -7.9         -6.9         -7.1   
  938 |    473.275         -6.8         -7.4         -7.8         -7.4   
  939 |    473.779         -7.8         -8.1         -8.2         -8.2   
  940 |    474.284         -9.3         -8.2         -7.6         -7.9   
  941 |    474.788         -8.3         -8.1         -7.9         -8.6   
  942 |    475.293         -8.2         -7.6           -8         -8.7   
  943 |    475.798         -7.7         -8.5         -8.4         -8.6   
  944 |    476.302         -8.2         -8.3         -7.4         -7.3   
  945 |    476.807         -8.4         -8.3         -8.5         -7.5   
  946 |    477.311         -7.7         -7.3         -7.8         -7.7   
  947 |    477.816         -7.5         -7.8         -8.3         -7.6   
  948 |     478.32         -7.8         -6.9         -6.7         -6.9   
  949 |    478.825           -7         -7.9         -6.1         -6.6   
  950 |    479.329         -7.6         -7.7         -6.9         -7.6   
  951 |    479.834         -7.1         -6.8         -7.4         -7.6   
  952 |    480.339         -6.1         -7.2         -6.6         -7.4   
  953 |    480.843         -6.6           -7         -7.4         -7.6   
  954 |    481.348         -6.6         -7.6           -7         -7.9   
  955 |    481.852           -9         -8.5         -8.3           -9   
  956 |    482.357           -9         -8.7         -7.7           -9   
  957 |    482.861         -9.9        -10.1           -9         -9.1   
  958 |    483.366         -8.9         -9.8         -9.4         -8.6   
  959 |     483.87        -10.1         -9.5        -10.3         -9.7   
  960 |    484.375         -7.9         -8.7         -8.4           -9   
  961 |     484.88        -10.7         -9.6         -9.4         -8.9   
  962 |    485.384         -8.1         -8.5         -8.7         -8.8   
  963 |    485.889         -9.2         -8.4         -9.1         -9.1   
  964 |    486.393         -8.6         -8.1         -8.7         -7.6   
  965 |    486.898         -7.9         -8.3         -8.5         -7.5   
  966 |    487.402         -7.5         -7.2         -7.7         -7.5   
  967 |    487.907         -7.2         -7.9         -8.6           -7   
  968 |    488.411         -7.1         -6.8           -7         -7.5   
  969 |    488.916         -7.3         -7.4         -7.6         -8.4   
  970 |    489.421         -7.1         -7.8         -7.9         -8.2   
  971 |    489.925         -7.8         -7.5         -8.1         -8.2   
  972 |     490.43         -7.9         -8.5         -8.9         -8.3   
  973 |    490.934         -9.5         -9.4         -9.3         -8.2   
  974 |    491.439         -8.1         -7.8         -8.6         -9.1   
  975 |    491.943         -8.1         -9.8         -9.3         -9.3   
  976 |    492.448         -7.8         -8.3         -8.5         -8.1   
  977 |    492.952           -8         -8.7         -7.8         -8.7   
  978 |    493.457         -8.1         -7.4         -8.3         -8.3   
  979 |    493.962         -7.2         -7.7         -6.6         -7.1   
  980 |    494.466         -7.5           -8           -7         -6.7   
  981 |    494.971         -6.8         -6.9           -6         -6.8   
  982 |    495.475         -6.6         -6.1         -6.8         -7.1   
  983 |     495.98         -5.8         -5.7         -6.4         -6.5   
  984 |    496.484           -6         -6.8         -8.1         -7.6   
  985 |    496.989         -7.5         -7.7         -8.4         -7.4   
  986 |    497.493         -8.6         -8.2         -7.9         -7.9   
  987 |    497.998         -8.4         -8.1         -9.7           -8   
  988 |    498.503         -9.1         -8.8          -10         -8.4   
  989 |    499.007         -9.7         -9.1         -9.8         -8.7   
  990 |    499.512         -9.5         -9.1        -10.5        -10.5   
  991 |    500.016         -9.9        -10.4         -9.9         -9.6   
  992 |    500.521         -9.5         -9.2         -9.7         -9.9   
  993 |    501.025         -9.8         -9.6         -9.4         -9.1   
  994 |     501.53         -9.6         -9.2         -9.4         -8.2   
  995 |    502.035         -8.3           -8         -9.3         -8.4   
  996 |    502.539         -7.5         -7.4         -6.9         -7.2   
  997 |    503.044         -7.7         -7.4         -7.9           -8   
  998 |    503.548         -6.7         -6.9           -6         -6.6   
  999 |    504.053         -6.6           -7         -6.4         -6.3   
 1000 |    504.557         -6.8         -6.6         -7.1         -6.1   
 1001 |    505.062         -7.6         -7.7         -7.7         -7.3   
 1002 |    505.566         -6.4         -6.2         -6.8         -7.7   
 1003 |    506.071         -7.1           -7         -7.1           -7   
 1004 |    506.576           -8         -7.1         -8.2         -6.9   
 1005 |     507.08           -8         -7.9         -7.8         -8.5   
 1006 |    507.585         -8.9         -9.4         -9.3         -9.3   
 1007 |    508.089         -9.2         -8.4         -9.1         -9.9   
 1008 |    508.594         -9.3         -8.1         -8.8         -9.2   
 1009 |    509.098         -9.1         -9.1         -8.5          -10   
 1010 |    509.603         -8.6         -9.3         -8.9         -8.7   
 1011 |    510.107         -8.6         -9.5         -9.6         -8.9   
 1012 |    510.612         -8.8         -8.5         -8.8           -9   
 1013 |    511.117         -8.2         -8.7           -8         -8.5   
 1014 |    511.621         -7.9         -7.2         -6.9         -7.5   
 1015 |    512.126         -7.2         -7.5         -7.9         -6.6   
 1016 |     512.63           -7           -8         -7.6         -7.7   
 1017 |    513.135         -7.2         -7.9         -7.8         -8.3   
 1018 |    513.639         -7.9         -7.7         -8.1         -7.8   
 1019 |    514.144         -8.2         -8.2         -7.7         -7.8   
 1020 |    514.648         -8.3         -7.9         -7.6         -8.8   
 1021 |    515.153         -9.4         -9.9         -9.7         -8.7   
 1022 |    515.658         -9.8         -9.5         -9.7        -10.2   
 1023 |    516.162         -9.8         -9.5         -9.5         -9.2   
